6.502131e-12
1.62935
14943.73
1124006
220709.6
75753.54
2782058
7357220
275961.8
220767.7
185495.4
56061.04
1.303047e-12
-0.6359871
67.76773
885.1984
53.89645
132648.9
819.0982
318.4532
369.7133
330.5687
143.1558
92.24227
6.431238e-13
-0.5872015
6.781805
33.22812
932.7377
62.25146
40.97435
85.02403
153.4655
6.639102
20.02945
83.93757
8.503471e-13
-0.6266539
10.49246
10.22505
130.1067
3.491768
7.560779
13.7137
281.9963
2.993586
25.39196
20.1903
4.557529e-13
-0.5626761
5.174223
5.305398
1.295755
11.1704
3.352328
3.716783
4.552845
0.9086882
2.776092
6.043698
4.293769e-13
-0.7122671
1.519874
0.8388016
2.131792
4.39783
1.561466
1.077483
0.5300512
3.317119
1.065686
0.6617555
1.248789e-13
-0.5302036
1.274022
0.8905028
0.6814789
0.2469055
0.6192188
1.456275
0.2872108
1.056522
1.53878
2.343657
3.166363e-13
-0.5982216
0.8974633
0.6667151
3.152596
0.3873458
1.712554
1.022757
1.02846
0.03748476
0.9751806
0.8475666
3.483768e-13
-0.5943258
-0.1245964
0.1169051
-0.3823788
2.148101
0.8420329
0.2251397
0.5612964
-0.3525412
-0.003633276
0.2411776
135455.2
328706.8
18051.67
113222.3
4567.547
1143550
2986026
1340370
48165100
857652.5
171842.6
3079795
168.09
4973.214
382.6189
732.336
519.909
10196.1
113.9989
194.8294
1613.922
8964.372
326.9544
162153.2
13.18043
58.91546
166.0343
20.35217
43.43221
427.4844
418.6043
219.6951
162.6838
396.9472
340.7803
93.14555
3.860008
3.213796
12.06211
15.02683
3.560708
12.70291
15.41875
108.6602
5.992059
195.576
16.21218
43.85711
1.213832
10.84306
13.88758
3.88779
2.877387
9.539416
2.457908
11.66613
5.148727
4.495012
8.243223
2.149892
0.7465649
0.02310392
2.64976
0.6952916
2.117928
0.8171526
0.9804158
1.407193
3.936391
9.451097
2.815958
-0.4778928
0.490695
-0.1677317
2.697241
0.3114363
2.384067
0.7049494
1.801968
0.7215693
0.2563463
2.513266
2.305479
54.88504
0.2302526
-0.4317422
0.3494585
3.002834
1.572234
0.3094066
1.132773
0.5820177
0.2560382
0.4594052
1.587401
0.7251775
0.09126842
-0.4428934
1.337383
1.400539
0.03647202
0.3998721
1.229087
0.4285915
-0.1635472
0.3380395
-0.08007164
0.6817336
552220.7
315180.3
12118608
21473795
551372
467348.7
992061.4
658891.3
5891909
431213.6
1770076
587459.3
211.023
11017.19
64762.6
276.4312
534.6785
3486.595
1750.601
139478.5
814.293
512.4823
2646.001
1889325
2378.929
47.80068
89.34444
28.09491
76.74075
341.6176
1973.114
159.0435
164.0805
20.73264
594.8261
30.98934
5.5029
5.218874
28.1996
74.94101
115.6536
5.137848
97.05535
4.300702
59.06527
54.95133
22.6946
72.17406
6.667561
3.888169
4.405933
14.77911
5.702195
8.037286
10.64548
6.280539
4.476702
21.45283
4.617115
6.701392
1.851011
0.8881728
2.335198
3.995185
4.877786
3.943481
0.9668586
4.657533
6.923358
22.15744
4.098446
5.218667
1.405354
3.611239
2.514775
6.840456
5.561972
9.153341
1.55876
2.660619
2.565295
3.004032
2.137922
1.610068
1.16131
0.6551755
1.465832
1.763839
1.342455
1.473014
2.378924
1.911789
1.194546
0.3949752
1.612267
1.154674
0.4170288
0.03286532
1.271614
1.156719
0.01422537
0.5103725
1.834265
0.3394975
0.1278113
0.6874783
1.224309
0.8247949
449083.7
1532718
596656.1
2346017
616397
385484
904709.1
314030.7
18694753
1067527
1181163
133917.2
986.6498
5037.486
742.0062
4677.908
4553.198
1349.198
5083.067
715.1608
42278.68
3011.293
3175.878
106277.7
246.1729
336.159
244.1742
312.6124
7889.176
407.6421
184.3711
47.0252
351.7266
344.1343
5731.372
162.5579
20.49477
16.61979
59.95676
10.40159
381.8372
38.85723
36.22814
775.2699
12.47559
17.62188
469.18
201.8184
11.61488
20.25341
4.427125
23.69742
7.482761
10.07949
11.79617
23.74466
11.9652
36.94801
2.711121
19.83606
4.069182
2.217585
5.422691
4.52869
7.097763
10.58987
5.986521
5.8474
4.147528
6.188442
4.807201
5.597082
2.35962
2.786513
1.688846
32.62005
1.322389
7.640379
6.768419
5.368937
3.079377
0.9324682
3.988155
4.066452
1.131871
2.166392
2.011456
1.072474
2.185893
1.394789
2.73328
1.544859
1.875559
47.36981
1.134331
3.420168
1.023762
0.1695654
6.611773
1.657365
0.6500209
1.447191
0.6557223
0.7887866
2.672428
3.237834
1.195158
0.2170224
6030231
25939108
2688403
9723927
321918.9
22464.86
990856.6
51800.38
468920.3
2292295
1330980
1291968
45246.3
1452213
2213.748
24114.9
971.6362
13530.46
5783.189
14519.48
19226.65
22678.9
5861.185
1367714
5969.395
112.4046
487.6273
572810.7
203.3434
540.9878
233.0963
1385.051
6413.316
461.229
204.9455
254.4179
17.60345
621.4798
41.97992
58.81527
54.5523
28.12337
49.47549
2039.555
5.925172
153.4698
55.94703
10.81154
12.07001
10.27705
101.2405
373.0082
9.234002
8.147903
4.837499
51.06281
55.44303
16.32314
27.03498
80.64933
9.214113
4.389792
12.64679
5.857743
14.78371
5.703636
9.743275
8.415255
23.84286
5.877911
13.85723
7.43594
5.495778
12.29939
4.405141
4.567427
52.5214
4.850067
3.965327
5.72129
75.03175
5.66102
5.641839
3.619708
2.958797
2.724433
6.402495
3.947585
2.365244
1.853967
3.250784
2.876222
3.80096
20.37737
3.856927
19.15996
3.084199
2.082524
2.580084
2.19567
1.737967
4.614024
3.93875
4.685048
2.680514
3.868528
3.701845
2.895313
