NA
6207.723
9489395
2851.025
1323304
473958.4
413024.3
1739845
138371.6
93909.68
155566.7
2858014
NA
71.80074
1450.085
801.3464
424.7072
84170.5
409.2437
4082.812
8765.381
582.0588
13611.82
163.4842
NA
2368.377
30.65855
15.32088
752.2549
91.59809
55.55716
42.15835
1844.282
1867.018
24.90556
21.88145
NA
113.1893
10.27378
6.643654
6.345951
3.648177
26.41251
40.63622
30.89731
3.818864
7.682063
20.86358
NA
2.611222
22.0998
3.928638
156.4031
1.800944
3.636711
5.69341
2.417605
8.48983
4.666889
3.04272
NA
2.561736
1.259573
0.6329996
2.793247
9.403325
6.3333
4.880157
1.094947
15.95218
2.662643
6.220013
NA
0.1811093
2.011136
2.617349
6.072787
0.9619526
0.789356
10.13084
1.592361
2.578737
0.9029915
1.082095
NA
-0.3302223
0.7936922
1.46482
0.2969313
0.1645413
1.288332
1.549638
7.077324
0.7310305
0.4718496
0.717326
NA
-0.1860204
-0.170013
0.7748846
1.6652
0.08193261
0.3207916
0.2423532
0.8990447
0.4910941
0.7524225
1.819365
NA
2465616
5586443
68941.65
691557.3
1968432
427883.5
128767.1
2289337
1927248
298702
111666.9
NA
235.3587
9726.534
28159.57
53239.49
279.9771
27790.87
1281.953
31369.43
587.4848
61589.2
385.3254
NA
175.2832
119.8955
1094.691
465.842
43.34943
195.6583
2427.895
105.118
137.0806
163954.3
32.13943
NA
6.412239
66.86201
33.28251
70.37876
114.6305
4.089633
37.05934
13.13507
5.958407
8.571672
18.51887
NA
1.140028
7.432675
100.1942
1.575785
3.97471
22.12231
34.72793
2.821629
3.130866
6.18305
6.411077
NA
5.563933
2.490765
2.39751
2.69606
0.8234254
2.570428
6.855369
1.46709
0.733022
1.991942
1.717677
NA
0.4478493
1.122553
2.455471
1.716617
1.873685
5.285153
1.230287
2.240967
1.156716
18.55002
1.809103
NA
0.6862454
0.3884947
1.073719
0.6515846
0.8672411
2.86609
0.9697353
1.949813
2.219722
0.6600037
1.335672
NA
0.9201366
0.4036905
8.83566
0.6470575
1.577177
0.3370463
0.3749885
0.8658464
0.5322871
0.6249231
1.134497
NA
6684335
159599.3
126399.9
147877.8
142307.6
348686.1
1972305
60909.35
542429.3
286119.1
1622174
NA
7775.359
536.0898
1573.913
88010.47
449.222
22550.48
47586.48
44318.81
625.3808
372.9745
2602.514
NA
1959.69
20.7698
239.1176
95.68601
51.67085
172.002
115.8979
232.3794
907.3907
4217.313
324.4471
NA
20.23963
105.8857
191.5529
27.30258
17.56197
16.40375
20.06485
48.15491
13.71991
667.7322
23.61741
NA
5.095438
3.441583
7.244976
3.180203
472.973
7.97165
2.580951
31.98269
29.63469
13.79915
3.651415
NA
2.502526
4.304396
69.09643
40.44283
3.374035
2.23287
3.295242
4.916165
4.847409
6.782337
1.398156
NA
1.700816
4.128429
1.023805
4.255319
1.845426
0.9772784
2.011355
1.540697
1.227174
1.03773
3.838596
NA
0.359823
1.696912
0.7823074
2.745532
0.8394277
0.7965816
0.933777
1.787407
3.047522
11.09761
2.709177
NA
0.4369679
1.068248
0.9115962
0.9351309
0.8977626
0.2852931
0.5577664
1.460072
1.189896
1.33103
0.9755502
NA
4809610
357728.3
985670.4
164100.9
201323
5471760
419411.2
1346088
177234.5
28100884
1188476
NA
1426.908
2015.371
351.6108
17397.71
11038.23
6617.849
6443.952
25978.86
760.6726
25653.28
322.9
NA
125.4029
171.2165
9127.631
572.301
242.4263
1068.926
375.9594
484.1452
98.8
141.7069
199.4304
NA
30.03829
119.1391
54.21268
28.61357
236.8344
14.9532
15.70067
52.54677
131.2757
28.14748
204.571
NA
33.62173
23.81254
67.32761
19.08552
12.39252
83.21345
19.96729
7.773116
16.68279
7.908187
33.659
NA
332.8871
2.420886
6.06768
71.48722
2.854694
4.689597
8.874264
5.618605
3.204865
7.040836
20.54612
NA
2.258541
3.218172
3.384467
2.697143
2.954946
2.960991
2.629992
1.479951
1.257256
10.03034
3.37417
NA
2.694934
4.701936
2.859156
1.641455
1.788176
3.297126
1.621354
1.581799
2.550913
2.600009
4.654729
NA
1.013655
3.410207
1.932956
1.44995
3.731352
2.110425
3.345506
3.259591
8.071305
2.189147
3.307936
NA
8427299
407274.3
1775459
4887018
235241.7
107272569
15691475
1331739
9827943
1045097
1606023
NA
796343.7
171166.3
82783.27
8302.394
2616.638
7500.932
2604.673
6155.72
22610.81
227290.2
12847.86
NA
104.1998
401.0393
174.5641
758.3549
4112.237
195.0099
241.4726
426.8084
136.6307
2317.122
499.164
NA
128.6732
20.1103
32.70517
558.4881
44.43285
63.91645
1569.828
40.23887
27.50625
23.53616
134.6417
NA
27.52467
8.688828
233.3447
91.57333
11.21776
35.91624
15.61676
11.1374
28.81078
65.49267
107.5681
NA
9.455484
18.49701
26.10777
4.987136
52.05197
6.35594
11.76178
10.16275
57.15183
5.504917
7.094875
NA
3.015582
11.77162
5.16549
2.49517
7.852166
5.090177
24.00794
6.997308
6.180396
9.746635
2.460645
NA
4.231075
2.818496
9.78572
2.98729
2.789787
12.03353
2.079038
2.817967
2.507304
6.929046
3.550686
NA
2.714464
2.175114
2.504704
6.252677
1.538348
6.056884
4.82909
1.934215
2.188107
17.15792
2.388861
